#OTU ID	F3D0	F3D141	F3D142	F3D143	F3D144	F3D145	F3D146	F3D147	F3D148	F3D149	F3D150	F3D1	F3D2	F3D3	F3D5	F3D6	F3D7	F3D8	F3D9	Mock
Otu6	559	514	575	694	786	716	582	782	720	489	403	82	52	23	31	15	11	0	4	0
Otu60	47	2	35	32	23	12	57	25	14	12	19	56	39	13	41	28	14	38	49	0
Otu7	326	375	483	456	485	544	389	564	463	392	402	133	156	252	238	314	349	224	254	1
Otu5	152	401	184	213	60	135	96	42	325	308	155	203	444	451	309	220	324	347	404	0
Otu186	67	25	12	19	25	8	33	11	11	28	31	55	27	16	33	37	7	54	29	0
Otu2	304	306	370	238	367	339	278	413	303	268	230	275	742	610	270	525	522	208	251	0
Otu26	15	47	21	2	12	12	20	37	74	39	46	3	9	19	20	14	47	16	23	0
Otu89	20	5	0	5	7	8	24	5	7	13	15	12	7	1	5	16	10	20	28	0
Otu123	20	1	0	0	0	0	0	0	6	2	3	0	0	0	0	0	0	0	0	0
Otu11	45	13	243	95	23	27	6	72	11	46	82	139	116	98	75	352	150	170	164	0
Otu19	92	18	14	5	12	9	61	11	30	23	30	292	203	21	143	64	38	63	94	0
Otu29	60	24	14	30	23	11	31	5	5	23	41	78	27	9	67	40	13	36	40	0
Otu12	68	121	120	88	182	123	50	145	160	97	41	0	6	26	50	0	3	6	0	1
Otu9	123	148	167	169	257	238	124	122	121	147	188	106	218	319	314	199	376	224	184	0
Otu30	23	30	28	32	7	4	39	20	28	46	39	34	15	8	16	24	15	7	13	0
Otu16	239	59	21	23	20	12	24	25	14	24	14	66	51	35	60	38	18	52	31	0
Otu3	370	588	354	506	566	597	547	528	524	498	614	75	163	211	243	337	417	163	189	1
Otu28	29	1	2	0	2	0	3	0	0	1	4	157	88	9	26	18	26	125	88	0
Otu109	16	4	0	2	3	1	14	3	3	2	4	6	4	1	13	3	1	4	7	0
Otu181	3	1	0	0	0	0	0	0	0	1	0	1	1	0	0	1	0	0	1	0
Otu1	247	356	582	326	352	405	273	475	370	355	239	315	481	560	334	499	585	362	319	0
Otu22	23	11	12	30	22	17	59	17	9	23	39	53	50	20	67	46	18	53	58	0
Otu10	16	216	101	197	450	380	269	252	255	287	87	122	20	202	111	41	21	21	26	136
Otu20	63	2	7	2	3	5	49	16	4	3	8	104	70	12	78	91	65	47	48	0
Otu96	9	5	14	9	0	5	21	6	8	4	7	0	1	0	0	0	0	0	0	0
Otu53	50	10	31	19	13	15	20	21	7	17	31	64	34	13	55	46	29	47	59	0
Otu17	35	52	12	28	70	39	24	76	65	80	26	58	11	137	15	25	51	133	23	1
Otu27	52	14	45	44	28	21	35	24	53	23	46	28	33	23	202	64	49	70	79	0
Otu15	35	99	71	139	22	11	105	35	58	143	183	16	6	1	10	4	3	5	4	0
Otu74	17	2	9	12	8	5	22	5	5	9	12	76	39	2	54	48	6	41	67	0
Otu8	212	226	200	238	255	267	208	233	191	225	308	120	242	277	231	272	349	219	225	0
Otu42	40	7	17	19	22	9	25	13	12	19	18	26	13	2	29	17	6	7	11	0
Otu48	70	0	2	0	0	3	0	12	0	1	0	49	30	15	2	6	25	12	29	0
Otu194	76	23	7	14	13	3	4	1	5	6	3	14	13	5	18	12	13	21	13	0
Otu24	22	62	19	56	17	20	32	21	26	75	108	32	14	10	0	18	6	9	13	0
Otu4	146	246	471	278	219	391	269	261	297	251	256	143	130	484	234	441	721	673	587	0
Otu13	77	37	24	16	17	16	32	33	30	22	22	346	126	51	134	48	53	56	88	0
Otu18	61	7	7	9	5	5	27	4	7	4	8	72	114	42	90	54	17	70	40	0
Otu23	28	23	33	16	37	44	24	30	34	32	30	17	34	56	31	20	14	11	10	1
Otu71	51	5	5	7	10	3	3	10	9	12	16	53	27	9	44	18	10	14	12	0
Otu49	48	6	7	9	5	1	7	8	8	4	4	50	72	5	91	9	7	44	33	0
Otu91	32	4	0	9	2	2	6	3	8	14	16	16	16	4	5	4	1	5	7	0
Otu25	37	39	9	9	17	10	46	8	12	19	22	154	36	9	68	16	8	59	84	0
Otu59	19	18	64	21	33	5	4	13	40	15	22	0	1	13	0	0	0	0	0	0
Otu184	35	7	0	2	0	1	8	4	4	8	5	40	34	12	0	2	1	2	2	0
Otu33	14	13	17	25	3	8	32	17	13	23	50	24	29	8	26	18	13	27	28	0
Otu32	39	4	9	2	2	0	6	11	3	7	5	60	53	13	72	45	21	72	93	0
Otu39	53	11	12	9	5	9	17	7	9	32	27	55	57	11	13	22	10	53	22	0
Otu129	1	5	0	0	0	0	6	2	2	2	7	7	5	1	3	0	0	1	2	0
Otu83	8	13	12	14	17	10	17	6	17	29	15	7	15	8	8	9	3	11	13	0
Otu78	23	4	2	12	3	1	17	4	3	2	3	11	16	1	18	26	7	22	23	0
Otu38	38	28	5	14	3	2	36	8	12	34	47	65	30	27	10	4	1	10	2	0
Otu50	25	0	2	0	0	0	0	0	1	0	0	76	28	16	50	42	28	43	53	0
Otu40	28	2	5	7	0	1	6	6	2	4	3	50	52	4	15	37	17	14	21	0
Otu69	106	7	9	5	10	15	3	11	17	7	9	0	1	0	2	0	0	1	0	0
Otu57	37	14	12	12	5	4	27	11	5	11	18	42	23	8	33	51	14	52	56	0
Otu14	54	7	14	7	8	5	6	19	32	2	7	114	149	427	26	62	53	23	38	0
Otu119	7	2	0	0	10	7	7	1	2	6	9	3	0	1	0	0	0	0	2	0
Otu61	4	1	5	5	2	3	8	2	1	4	5	12	7	21	21	21	17	38	42	0
Otu93	16	14	12	14	8	11	15	3	8	11	8	1	2	5	8	2	6	4	12	0
Otu193	9	8	2	5	7	5	8	5	5	10	9	22	26	17	52	31	40	48	49	0
Otu143	4	0	2	5	3	8	4	1	2	0	4	0	0	0	0	0	0	1	1	0
Otu153	9	0	0	0	0	0	0	0	0	0	0	0	3	0	0	0	0	0	0	0
Otu54	18	16	5	9	3	5	20	6	10	32	30	19	15	5	10	8	3	14	5	0
Otu121	4	1	5	2	0	2	20	11	3	6	14	5	3	0	8	8	0	10	5	0
Otu81	4	29	9	39	5	11	15	5	18	31	54	5	4	1	13	4	1	2	5	0
Otu180	5	28	5	21	17	10	15	21	11	31	58	14	33	17	49	27	14	28	29	0
Otu176	4	0	0	0	0	3	0	0	0	0	1	1	1	0	0	0	0	0	0	0
Otu190	13	6	2	5	8	7	11	5	11	9	7	2	10	7	37	14	14	21	32	0
Otu58	11	5	5	12	7	9	13	3	5	9	14	39	32	11	16	12	3	40	29	0
Otu148	2	1	0	2	2	3	4	3	2	2	0	3	0	0	2	0	0	2	2	0
Otu189	2	0	5	0	0	0	1	0	0	0	0	0	0	0	2	0	0	1	0	0
Otu105	23	0	0	0	0	0	1	0	1	0	0	17	11	11	3	11	7	10	9	0
Otu68	15	5	9	5	7	12	3	10	12	3	9	2	16	14	18	4	11	6	8	0
Otu147	3	0	0	0	0	0	3	2	0	1	0	5	0	1	2	1	1	4	3	0
Otu104	13	2	2	0	3	1	15	6	7	7	9	10	5	0	8	11	1	14	11	0
Otu114	1	0	0	0	0	0	0	0	1	0	0	3	3	0	15	6	0	2	16	0
Otu130	3	2	0	0	5	3	3	4	4	6	8	3	3	2	7	2	3	2	0	0
Otu133	4	4	2	5	2	1	3	1	2	3	3	0	0	0	0	1	0	1	1	0
Otu35	23	48	7	74	3	13	35	8	25	29	45	34	14	4	31	17	13	30	27	1
Otu151	2	1	0	2	0	0	1	0	1	1	0	2	1	2	2	3	0	1	2	0
Otu131	9	0	0	0	0	0	1	0	1	1	0	0	1	0	0	6	4	4	10	0
Otu70	4	18	2	28	10	4	17	3	8	36	24	11	11	8	13	11	10	9	10	0
Otu128	4	4	0	7	2	3	3	2	4	2	4	1	3	0	8	4	0	10	8	0
Otu165	2	1	5	2	0	0	1	0	0	0	1	0	0	0	0	1	0	1	1	0
Otu95	5	7	2	2	2	1	4	0	2	10	11	24	6	2	3	3	3	9	3	0
Otu117	8	0	0	0	2	1	15	1	1	2	1	7	3	3	7	4	0	6	4	0
Otu120	6	1	7	2	5	5	0	2	2	4	8	0	2	0	0	2	0	4	1	0
Otu41	16	33	5	9	5	2	20	14	13	13	20	39	17	12	28	18	8	26	22	0
Otu98	3	6	2	0	2	0	4	0	3	4	3	8	3	4	13	2	3	19	9	0
Otu150	10	0	0	0	2	0	0	0	1	0	1	1	1	0	2	0	0	0	0	0
Otu197	4	11	17	16	7	11	1	16	11	7	5	9	8	4	7	8	1	6	6	0
Otu92	9	2	0	2	3	1	6	6	4	5	11	6	4	2	8	7	0	10	7	0
Otu45	9	4	9	2	5	2	10	13	14	18	12	24	15	4	34	23	25	62	100	0
Otu97	3	2	2	2	2	1	1	2	1	4	3	5	13	22	26	9	4	2	2	1
Otu132	1	1	2	0	0	0	1	0	1	1	1	2	2	0	2	3	3	5	13	0
Otu174	6	0	0	0	0	0	0	0	0	1	1	1	0	0	0	3	0	1	3	0
Otu210	3	1	0	2	0	1	4	0	4	2	1	2	1	3	2	4	3	4	1	0
Otu172	3	0	2	0	0	1	1	1	0	0	1	0	1	1	5	0	0	0	1	0
Otu208	6	5	2	9	3	3	7	1	5	10	5	0	1	0	0	1	1	0	1	0
Otu191	4	0	0	0	2	0	0	1	0	2	1	1	0	0	0	0	0	1	0	0
Otu36	4	10	0	2	2	1	14	4	9	18	20	80	19	9	75	20	8	20	28	0
Otu182	9	6	5	2	3	5	7	29	8	12	4	12	5	1	11	31	1	7	10	0
Otu144	4	0	2	0	0	0	0	0	0	0	0	11	1	0	2	2	0	11	5	0
Otu76	18	25	12	14	10	5	31	13	9	6	16	6	13	2	7	20	6	19	20	0
Otu209	11	0	5	5	7	1	6	0	1	2	1	8	1	0	3	4	0	4	4	0
Otu160	1	0	0	0	2	2	0	0	1	1	0	3	1	0	2	1	0	0	1	0
Otu107	7	0	0	2	2	2	0	0	3	1	1	8	4	1	3	4	1	6	6	2
Otu65	21	19	0	9	2	7	7	6	10	8	4	3	12	20	18	7	24	10	15	1
Otu63	4	2	0	0	2	2	1	2	1	1	1	2	1	1	7	4	3	4	2	208
Otu64	2	35	9	21	10	4	13	11	12	40	62	3	0	0	0	1	0	0	1	0
Otu188	3	0	0	0	2	0	0	0	0	1	0	0	1	0	0	0	0	0	1	0
Otu201	3	0	0	0	0	0	1	0	0	0	0	0	0	0	0	0	1	2	0	0
Otu116	3	0	0	0	0	0	3	0	1	0	0	3	7	0	2	3	3	1	10	0
Otu108	16	1	0	0	3	0	0	3	2	2	3	7	2	0	3	1	7	4	5	0
Otu177	3	0	0	0	0	0	0	0	0	1	0	1	1	0	0	0	0	0	0	0
Otu90	2	1	0	0	0	0	1	0	0	1	0	9	9	5	15	25	8	14	7	0
Otu122	5	2	5	0	2	0	1	1	5	2	4	0	1	7	2	1	1	4	1	0
Otu55	7	24	5	30	7	5	20	19	18	34	27	24	26	3	10	6	10	12	15	0
Otu85	6	0	12	2	3	7	21	4	9	11	27	17	16	2	16	10	6	15	14	0
Otu157	2	1	0	2	5	0	0	0	0	1	1	5	1	0	0	0	0	0	1	0
Otu167	3	54	5	51	5	2	14	8	10	43	57	6	1	0	2	1	0	1	0	0
Otu137	4	0	0	0	0	2	0	0	1	0	0	7	1	7	0	3	1	2	1	0
Otu87	4	0	0	0	0	0	0	0	2	0	0	9	10	2	0	18	11	32	17	0
Otu110	4	1	2	2	3	0	1	3	3	3	3	3	3	0	2	4	0	4	8	0
Otu136	3	1	0	0	0	0	6	0	0	3	1	1	1	0	3	8	0	0	1	0
Otu73	4	13	5	14	0	2	13	17	4	11	15	17	4	3	13	8	4	14	11	0
Otu161	1	1	5	0	0	0	1	1	1	0	0	0	0	1	0	0	1	2	2	0
Otu163	1	1	7	0	0	0	0	1	0	0	0	0	1	0	0	0	0	1	1	0
Otu99	2	0	2	0	2	1	7	3	3	1	1	33	12	8	7	1	0	5	7	0
Otu43	3	6	17	16	15	20	7	15	8	5	11	11	18	43	10	19	35	25	23	0
Otu62	3	7	9	5	2	10	27	8	3	7	15	17	13	3	18	14	7	16	21	0
Otu156	2	2	2	0	0	1	1	0	1	2	0	1	1	1	0	0	0	0	0	0
Otu34	2	65	28	83	50	44	121	16	7	1	0	3	1	3	7	11	1	30	32	0
Otu142	2	0	12	0	0	1	0	1	1	0	0	1	2	4	0	2	3	14	6	0
Otu192	1	0	0	0	2	0	1	0	0	1	0	1	1	1	0	0	0	1	0	0
Otu84	1	6	7	7	13	3	4	9	11	3	3	33	1	14	28	13	24	15	8	0
Otu113	3	0	2	5	0	3	4	2	2	3	3	10	4	1	5	3	1	5	5	0
Otu103	1	0	0	2	0	3	0	1	1	1	3	0	2	5	5	16	21	12	10	0
Otu124	1	0	2	0	2	0	3	1	0	1	0	5	4	1	0	4	1	5	4	0
Otu171	1	1	0	2	0	3	0	3	4	1	3	0	1	0	2	0	3	0	1	0
Otu206	1	0	2	0	0	0	0	0	0	1	0	0	0	0	0	0	0	0	0	0
Otu138	2	0	0	2	0	0	1	0	0	1	0	1	1	1	2	3	0	4	6	0
Otu216	1	0	0	0	0	0	0	0	0	1	0	0	0	0	0	0	0	0	0	0
Otu101	1	6	5	7	7	3	4	0	7	9	3	0	1	0	3	3	6	12	13	0
Otu135	4	0	0	0	0	4	8	3	0	1	1	0	1	2	5	6	1	2	9	0
Otu112	1	4	9	5	0	4	3	2	9	5	1	0	0	0	0	3	0	0	1	0
Otu106	1	4	0	9	2	1	3	2	5	7	5	6	7	3	7	3	1	4	9	0
Otu212	1	0	0	0	0	0	0	0	0	0	0	1	0	0	0	0	0	0	0	0
Otu207	1	0	0	0	0	0	0	0	1	1	1	0	0	0	2	1	0	0	0	0
Otu47	0	34	52	56	27	17	7	26	54	19	19	0	0	0	0	0	0	0	0	0
Otu125	0	2	0	2	2	3	4	2	2	4	0	0	0	0	3	2	0	9	7	0
Otu140	0	7	0	2	2	3	0	1	1	4	0	0	0	0	0	1	0	0	2	0
Otu82	0	11	7	7	5	5	17	6	5	13	15	5	6	4	10	4	1	9	8	0
Otu77	0	14	5	12	17	11	18	3	11	18	23	1	3	0	7	4	4	4	4	0
Otu44	0	19	21	5	33	12	52	40	36	23	53	0	0	0	0	0	0	0	0	1
Otu80	0	7	2	0	0	4	42	9	8	8	18	0	1	0	60	22	8	53	64	0
Otu146	0	4	0	0	2	2	3	1	1	1	1	5	1	2	2	1	0	1	2	0
Otu88	0	11	7	19	3	4	8	4	5	15	15	3	4	12	8	9	6	4	6	0
Otu154	0	1	9	2	2	0	0	1	3	1	0	0	0	0	0	0	0	0	0	0
Otu94	0	4	17	5	15	16	13	5	6	3	8	0	0	0	0	0	3	14	5	0
Otu152	0	5	0	2	3	2	1	1	1	2	3	0	0	0	0	0	0	0	0	0
Otu220	0	4	0	0	3	1	3	0	1	1	1	5	3	1	11	4	1	4	5	0
Otu51	0	1	0	7	2	5	0	0	0	0	0	0	0	0	0	0	0	0	0	348
Otu72	0	1	0	0	0	0	0	0	0	0	0	0	0	0	0	0	0	0	0	206
Otu203	0	1	5	0	0	0	1	0	1	1	3	0	1	1	0	2	0	0	1	0
Otu162	0	2	2	2	0	0	1	0	0	1	0	0	0	2	0	1	1	0	4	0
Otu173	0	1	0	2	2	0	0	1	0	0	0	0	2	1	0	0	0	1	0	0
Otu127	0	2	0	5	0	1	3	4	1	2	3	3	2	2	2	2	3	5	5	0
Otu199	0	2	0	0	2	0	0	1	1	0	0	0	0	0	0	0	0	0	0	0
Otu118	0	4	5	0	2	3	3	2	5	3	5	2	1	0	2	1	0	4	1	0
Otu86	0	1	5	2	0	2	0	0	0	0	0	0	0	0	0	0	0	0	0	136
Otu159	0	2	2	2	0	1	1	0	1	3	3	0	0	0	0	0	0	0	0	1
Otu145	0	1	0	2	2	0	3	1	1	1	1	1	1	1	0	2	0	1	3	0
Otu52	0	1	2	0	0	1	0	0	0	0	0	0	0	0	0	0	0	0	0	310
Otu21	0	1	2	0	0	2	0	0	0	0	0	0	0	0	0	0	0	0	0	702
Otu134	0	2	5	7	0	2	7	5	4	3	3	0	0	0	0	0	0	5	2	0
Otu139	0	2	5	7	5	4	3	1	4	2	3	0	0	0	0	0	0	0	0	0
Otu126	0	1	2	0	2	3	0	5	1	3	3	0	0	11	7	1	0	0	1	0
Otu158	0	2	0	0	0	2	0	0	0	1	1	0	1	0	5	1	0	0	0	0
Otu214	0	1	2	0	0	0	0	0	0	0	0	0	0	0	0	0	0	0	0	431
Otu179	0	1	0	0	2	3	0	0	1	3	1	0	0	0	0	0	0	0	2	0
Otu111	0	0	7	21	5	17	1	6	6	2	4	0	0	0	0	0	0	0	0	0
Otu205	0	0	2	0	0	0	0	0	0	0	1	0	0	0	0	1	3	0	0	0
Otu141	0	0	2	0	0	0	4	0	0	0	0	3	1	1	2	3	1	4	5	0
Otu164	0	0	5	5	2	2	0	5	4	2	0	0	0	0	0	0	0	0	0	0
Otu170	0	0	2	0	0	1	0	0	1	0	0	0	0	2	0	1	0	0	0	0
Otu102	0	0	2	0	2	1	14	7	3	21	30	0	0	0	0	0	0	0	0	0
Otu155	0	0	2	0	3	0	7	0	1	2	1	0	0	0	0	0	0	0	0	0
Otu218	0	0	2	0	2	1	0	0	0	0	0	0	0	0	0	0	0	0	0	0
Otu75	0	0	2	0	0	1	0	0	0	0	0	0	0	0	0	0	0	0	0	179
Otu79	0	0	2	0	0	1	0	0	0	0	0	0	0	0	0	0	0	0	0	167
Otu46	0	0	2	0	3	4	0	0	0	0	0	0	0	0	0	0	0	0	0	343
Otu217	0	0	2	0	0	2	0	0	1	0	1	0	0	0	0	0	0	0	0	0
Otu202	0	0	0	2	0	1	0	0	0	0	0	0	1	0	0	0	0	0	0	0
Otu169	0	0	0	5	2	2	0	1	0	0	0	0	0	0	0	2	3	1	1	0
Otu168	0	0	0	5	2	3	0	1	1	1	0	0	0	0	0	0	0	0	0	0
Otu56	0	0	0	2	0	1	0	0	0	0	0	0	0	0	0	0	0	0	0	263
Otu178	0	0	0	0	2	0	0	0	0	1	0	0	0	0	0	2	0	4	2	0
Otu183	0	0	0	0	2	1	1	0	1	0	1	0	0	0	0	0	0	0	0	0
Otu187	0	0	0	0	2	0	1	0	0	0	0	1	0	0	0	1	0	0	2	0
Otu66	0	0	0	0	2	0	0	0	0	0	0	0	0	0	0	0	0	0	0	294
Otu204	0	0	0	0	2	0	0	0	0	0	3	0	0	0	0	0	1	0	0	0
Otu31	0	0	0	0	2	4	0	0	0	0	0	0	0	0	0	0	0	0	0	471
Otu215	0	0	0	0	0	0	1	0	0	0	0	1	0	0	0	0	0	0	0	0
Otu200	0	0	0	0	0	0	1	0	0	0	0	0	0	0	0	1	0	1	1	0
Otu185	0	0	0	0	0	0	0	1	0	2	4	1	1	0	0	0	0	0	0	0
Otu195	0	0	0	0	0	0	0	1	0	0	0	1	0	0	0	0	0	2	0	0
Otu211	0	0	0	0	0	0	0	0	0	0	1	0	0	0	0	0	0	0	0	0
Otu219	0	0	0	0	0	0	0	0	1	0	0	0	0	0	0	1	0	0	0	0
Otu221	0	0	0	0	0	0	0	0	0	0	0	0	0	1	0	0	0	1	0	0
Otu213	0	0	0	0	0	0	0	0	1	1	1	0	0	0	0	0	0	0	0	0
Otu198	0	0	0	0	0	0	0	0	0	1	1	0	1	0	0	0	0	0	0	0
Otu196	0	0	0	0	0	0	0	0	0	1	0	0	1	0	0	0	1	1	0	0
Otu166	0	0	0	0	0	0	0	0	0	0	0	2	1	2	2	0	1	1	0	0
Otu175	0	0	0	0	0	0	0	0	0	0	0	0	0	0	0	0	0	5	6	0
Otu67	0	0	0	0	0	0	0	0	0	0	0	0	0	0	0	0	0	0	0	217
Otu100	0	0	0	0	0	0	0	0	0	0	0	0	0	0	0	0	0	0	0	93
Otu37	0	0	0	0	0	0	0	0	0	0	0	0	0	0	0	0	0	0	0	394
Otu149	0	0	0	0	0	0	0	0	0	0	0	0	0	0	0	0	0	0	0	26
Otu115	0	0	0	0	0	0	0	0	0	0	0	0	0	0	0	0	0	0	0	61
